n      : 1024
error  : 2.6668466541757141e-06
time   : 0.41087339608930051
err/h^2: 2.7963913972489536

