n      : 1024
error  : 1.0000013674481576
time   : 0.6265515189152211
err/h^2: 1048577.4338733193

