n      : 1024
error  : 1.0000000000000004
time   : 0.80086941830813885
err/h^2: 1048576.0000000005

