n      : 1024
error  : 1.0000000007127356
time   : 0.54233470000326633
err/h^2: 1048576.0007473575

