n      : 1024
error  : 1.0000000000000004
time   : 3.8416955340653658
err/h^2: 1048576.0000000005

