n      : 1024
error  : 1.0000000000000004
time   : 2.0079993261024356
err/h^2: 1048576.0000000005

