n      : 1024
error  : 2.6668466541757141e-06
time   : 0.32705645402893424
err/h^2: 2.7963913972489536

