n      : 1024
error  : 1.0000000000230542
time   : 0.66637044283561409
err/h^2: 1048576.0000241741

