n      : 1024
error  : 0.999999999982083
time   : 1.1011740490794182
err/h^2: 1048575.9999812127

