n      : 1024
error  : 0.48245039946569368
time   : 0.65611424413509667
err/h^2: 505885.91007013922

