n      : 1024
error  : 1.0000000000000004
time   : 1.4123781621456146
err/h^2: 1048576.0000000005

