n      : 1024
error  : 1.0000000000130462
time   : 0.78342190012335777
err/h^2: 1048576.00001368

