n      : 128
error  : 0.00017069400140279356
time   : 0.018902913900092244
err/h^2: 2.7966505189833697

