n      : 128
error  : 0.00017069400140279356
time   : 0.060811121948063374
err/h^2: 2.7966505189833697

