n      : 128
error  : 1.7597454699274881
time   : 0.018614007858559489
err/h^2: 28831.669779291966

