n      : 128
error  : 0.00017069400140279356
time   : 0.016686429968103766
err/h^2: 2.7966505189833697

