n      : 128
error  : 0.00017069400140279356
time   : 0.019571054028347135
err/h^2: 2.7966505189833697

