n      : 16384
error  : 72.564463175883986
time   : 163.8012900701724
err/h^2: 19478874762.013626

