n      : 16384
error  : 1.1303153302222313e-08
time   : 51.586464534047991
err/h^2: 3.0341671109199524

