n      : 16384
error  : 1.1303153302222313e-08
time   : 73.100754670798779
err/h^2: 3.0341671109199524

