n      : 16
error  : 0.010989314920691662
time   : 0.0036378039512783289
err/h^2: 2.8132646196970654

