n      : 16384
error  : 1.1303153302222313e-08
time   : 316.36790824797936
err/h^2: 3.0341671109199524

