n      : 16
error  : 0.010989314920691662
time   : 0.0025708440225571394
err/h^2: 2.8132646196970654

