n      : 16384
error  : 0.00047936898296650754
time   : 166.20969634293579
err/h^2: 128679.63153487068

