n      : 2048
error  : 6.6670920584321891e-07
time   : 2.1305663699749857
err/h^2: 2.7963810889050364

