n      : 2048
error  : 6.6670920584321891e-07
time   : 1.3011141289025545
err/h^2: 2.7963810889050364

