n      : 2048
error  : 0.0023009689859838081
time   : 2.7833339408971369
err/h^2: 9650.9634217878302

