n      : 2048
error  : 6.6670920584321891e-07
time   : 1.0588227109983563
err/h^2: 2.7963810889050364

