n      : 2048
error  : 6.6670920584321891e-07
time   : 1.5903994049876928
err/h^2: 2.7963810889050364

