n      : 256
error  : 4.2670494998287012e-05
time   : 0.24988410505466163
err/h^2: 2.7964535602077376

