n      : 256
error  : 4.2670494998287012e-05
time   : 0.028862731996923685
err/h^2: 2.7964535602077376

