n      : 256
error  : 0.9734765375375154
time   : 0.060411893064156175
err/h^2: 63797.758364058609

