n      : 32
error  : 0.0027349548325177331
time   : 0.0048654431011527777
err/h^2: 2.8005937484981587

