n      : 32
error  : 0.0027349548325177331
time   : 0.054424980888143182
err/h^2: 2.8005937484981587

