n      : 32
error  : 1.0128058200958119
time   : 0.0037516269367188215
err/h^2: 1037.1131597781114

