n      : 32
error  : 0.0027349548325177331
time   : 0.016324592987075448
err/h^2: 2.8005937484981587

