n      : 4096
error  : 1.6666193958236875e-07
time   : 10.600725852884352
err/h^2: 2.7961233593523502

