n      : 4096
error  : 1.6666193958236875e-07
time   : 3.1053844790440053
err/h^2: 2.7961233593523502

