n      : 4096
error  : 1.6666193958236875e-07
time   : 3.2164296680130064
err/h^2: 2.7961233593523502

