n      : 512
error  : 1.0114753500992253
time   : 0.1815822150092572
err/h^2: 265152.19417641131

