n      : 512
error  : 1.0667435174083195e-05
time   : 0.14151680190116167
err/h^2: 2.7964041262748651

