n      : 512
error  : 1.0667435174083195e-05
time   : 0.10496651194989681
err/h^2: 2.7964041262748651

