n      : 512
error  : 1.0667435174083195e-05
time   : 0.29717860999517143
err/h^2: 2.7964041262748651

