n      : 512
error  : 1.0667435174083195e-05
time   : 0.47466689208522439
err/h^2: 2.7964041262748651

