n      : 64
error  : 0.00068296839378145791
time   : 0.0043670430313795805
err/h^2: 2.7974385409288516

