n      : 64
error  : 0.00068296839378145791
time   : 0.034385631093755364
err/h^2: 2.7974385409288516

