n      : 64
error  : 3.0777684243283976
time   : 0.0075719719752669334
err/h^2: 12606.539466049117

