n      : 8192
error  : 4.1801181405176635e-08
time   : 11.059882726985961
err/h^2: 2.8052297979593277

