n      : 8192
error  : 4.1801181405176635e-08
time   : 12.492118333932012
err/h^2: 2.8052297979593277

