n      : 8
error  : 0.044761850924580404
time   : 0.017014699056744576
err/h^2: 2.8647584591731459

