n      : 8
error  : 0.044761850924580404
time   : 0.003030142979696393
err/h^2: 2.8647584591731459

